{
        "abs_tol" : 1e-10,
        "dt" : 0.5,
        "dt_max" : 1.7976931348623157e+308,
        "dt_min" : 2.2250738585072014e-308,
        "num_agegroups" : 10,
        "rel_tol" : 1e-05,
        "t0" : 0,
        "t_max" : 100
}
